7,3,1
9,3,1
13,4,1
6,3,2
16,4,1
21,5,1
11,5,2
13,3,1
7,3,2
10,4,2
25,5,1
31,6,1
16,6,2
15,3,1
8,4,3
15,5,2
36,6,1
43,7,1
22,7,2
15,7,3
9,3,2
25,4,1
13,4,2
9,4,3
21,6,2
49,7,1
57,8,1
29,8,2
19,3,1
10,3,2
7,3,3
28,4,1
10,5,4
46,6,1
16,6,3
28,7,2
64,6,1
73,9,1
37,9,2
25,9,3
19,9,4
21,3,1
6,3,4
16,4,2
41,5,1
21,5,2
11,5,4
51,6,1
21,7,3
36,8,2
81,9,1
91,10,1
46,10,2
31,10,3
12,3,2
12,4,3
45,5,1
12,6,5
45,9,2
100,10,1
111,11,1
56,11,2
23,11,5
25,3,1
13,3,2
9,3,3
7,3,4
37,4,1
19,4,2
13,4,3
10,4,4
25,5,2
61,6,1
31,6,2
21,6,3
16,6,4
31,6,5
22,8,4
33,9,3
55,10,2
121,11,1
133,12,1
67,12,2
45,12,3
34,12,4
27,3,1
40,4,1
66,6,1
14,7,6
27,9,4
40,10,3
66,11,2
144,12,1
157,13,1
79,13,2
53,13,3
40,13,4
27,13,6
15,3,2
22,4,2
8,4,6
15,5,4
36,6,2
15,6,5
85,7,1
43,7,2
29,7,3
22,7,4
15,7,6
78,12,2
169,13,1
183,14,1
92,14,2
31,3,1
16,3,2
11,3,3
7,3,5
6,3,6
16,4,3
61,5,1
31,5,2
21,5,3
16,5,4
13,5,5
11,5,6
76,6,1
26,6,3
16,6,5
91,7,1
16,8,7
21,9,6
136,10,1
46,10,3
28,10,5
56,12,3
91,13,2
196,14,1
211,15,1
106,15,2
71,15,3
